(kicad_pcb (version 20171130) (host pcbnew "(5.0.0)")

  (general
    (thickness 1.6)
    (drawings 6)
    (tracks 368)
    (zones 0)
    (modules 43)
    (nets 55)
  )

  (page A1)
  (layers
    (0 F.Cu signal)
    (31 B.Cu signal)
    (32 B.Adhes user)
    (33 F.Adhes user)
    (34 B.Paste user)
    (35 F.Paste user)
    (36 B.SilkS user hide)
    (37 F.SilkS user hide)
    (38 B.Mask user)
    (39 F.Mask user)
    (40 Dwgs.User user)
    (41 Cmts.User user)
    (42 Eco1.User user)
    (43 Eco2.User user)
    (44 Edge.Cuts user)
    (45 Margin user)
    (46 B.CrtYd user)
    (47 F.CrtYd user)
    (48 B.Fab user hide)
    (49 F.Fab user hide)
  )

  (setup
    (last_trace_width 0.25)
    (trace_clearance 0.2)
    (zone_clearance 0.25)
    (zone_45_only no)
    (trace_min 0.2)
    (segment_width 0.3)
    (edge_width 0.3)
    (via_size 0.6)
    (via_drill 0.4)
    (via_min_size 0.4)
    (via_min_drill 0.3)
    (uvia_size 0.3)
    (uvia_drill 0.1)
    (uvias_allowed no)
    (uvia_min_size 0.2)
    (uvia_min_drill 0.1)
    (pcb_text_width 0.15)
    (pcb_text_size 1 1)
    (mod_edge_width 0.3)
    (mod_text_size 1 1)
    (mod_text_width 0.15)
    (pad_size 2 2)
    (pad_drill 1.2)
    (pad_to_mask_clearance 0.2)
    (solder_mask_min_width 0.8)
    (aux_axis_origin 0 0)
    (visible_elements 7FFFFFFF)
    (pcbplotparams
      (layerselection 0x010c0_ffffffff)
      (usegerberextensions false)
      (usegerberattributes false)
      (usegerberadvancedattributes false)
      (creategerberjobfile false)
      (excludeedgelayer true)
      (linewidth 0.100000)
      (plotframeref false)
      (viasonmask false)
      (mode 1)
      (useauxorigin false)
      (hpglpennumber 1)
      (hpglpenspeed 20)
      (hpglpendiameter 15.000000)
      (psnegative false)
      (psa4output false)
      (plotreference true)
      (plotvalue true)
      (plotinvisibletext false)
      (padsonsilk false)
      (subtractmaskfromsilk false)
      (outputformat 1)
      (mirror false)
      (drillshape 0)
      (scaleselection 1)
      (outputdirectory "gerber_1/"))
  )

  (net 0 "")
  (net 1 "Net-(C1-Pad2)")
  (net 2 GND)
  (net 3 "Net-(C2-Pad2)")
  (net 4 A)
  (net 5 B)
  (net 6 "Net-(DD1-Pad4)")
  (net 7 EN)
  (net 8 "Net-(DD1-Pad1)")
  (net 9 "Net-(DD2-Pad1)")
  (net 10 "Net-(DD2-Pad2)")
  (net 11 "Net-(DD2-Pad9)")
  (net 12 HL1)
  (net 13 MOSI)
  (net 14 MISO)
  (net 15 SCK)
  (net 16 "Net-(DD2-Pad18)")
  (net 17 "Net-(DD2-Pad19)")
  (net 18 "Net-(DD2-Pad20)")
  (net 19 "Net-(DD2-Pad22)")
  (net 20 "Net-(DD2-Pad24)")
  (net 21 "Net-(DD2-Pad25)")
  (net 22 "Net-(DD2-Pad26)")
  (net 23 SDA)
  (net 24 SCL)
  (net 25 RX)
  (net 26 TX)
  (net 27 "Net-(DD2-Pad32)")
  (net 28 "Net-(DD3-Pad8)")
  (net 29 "Net-(DD3-Pad3)")
  (net 30 "Net-(DD3-Pad2)")
  (net 31 "Net-(DD3-Pad9)")
  (net 32 "Net-(DD3-Pad10)")
  (net 33 "Net-(DD3-Pad11)")
  (net 34 "Net-(DD3-Pad13)")
  (net 35 "Net-(DD3-Pad15)")
  (net 36 "Net-(DD3-Pad16)")
  (net 37 "Net-(HL1-Pad1)")
  (net 38 "Net-(HL2-Pad1)")
  (net 39 reset)
  (net 40 "Net-(DD4-Pad8)")
  (net 41 "Net-(DD4-Pad3)")
  (net 42 "Net-(DD4-Pad2)")
  (net 43 "Net-(DD4-Pad9)")
  (net 44 "Net-(DD4-Pad10)")
  (net 45 "Net-(DD4-Pad11)")
  (net 46 "Net-(DD4-Pad13)")
  (net 47 "Net-(DD4-Pad15)")
  (net 48 "Net-(DD4-Pad16)")
  (net 49 Ep)
  (net 50 VCC)
  (net 51 PD7)
  (net 52 PB2)
  (net 53 GND_in)
  (net 54 EN1)

  (net_class Default "Это класс цепей по умолчанию."
    (clearance 0.2)
    (trace_width 0.25)
    (via_dia 0.6)
    (via_drill 0.4)
    (uvia_dia 0.3)
    (uvia_drill 0.1)
    (add_net A)
    (add_net B)
    (add_net EN)
    (add_net EN1)
    (add_net Ep)
    (add_net GND)
    (add_net GND_in)
    (add_net HL1)
    (add_net MISO)
    (add_net MOSI)
    (add_net "Net-(C1-Pad2)")
    (add_net "Net-(C2-Pad2)")
    (add_net "Net-(DD1-Pad1)")
    (add_net "Net-(DD1-Pad4)")
    (add_net "Net-(DD2-Pad1)")
    (add_net "Net-(DD2-Pad18)")
    (add_net "Net-(DD2-Pad19)")
    (add_net "Net-(DD2-Pad2)")
    (add_net "Net-(DD2-Pad20)")
    (add_net "Net-(DD2-Pad22)")
    (add_net "Net-(DD2-Pad24)")
    (add_net "Net-(DD2-Pad25)")
    (add_net "Net-(DD2-Pad26)")
    (add_net "Net-(DD2-Pad32)")
    (add_net "Net-(DD2-Pad9)")
    (add_net "Net-(DD3-Pad10)")
    (add_net "Net-(DD3-Pad11)")
    (add_net "Net-(DD3-Pad13)")
    (add_net "Net-(DD3-Pad15)")
    (add_net "Net-(DD3-Pad16)")
    (add_net "Net-(DD3-Pad2)")
    (add_net "Net-(DD3-Pad3)")
    (add_net "Net-(DD3-Pad8)")
    (add_net "Net-(DD3-Pad9)")
    (add_net "Net-(DD4-Pad10)")
    (add_net "Net-(DD4-Pad11)")
    (add_net "Net-(DD4-Pad13)")
    (add_net "Net-(DD4-Pad15)")
    (add_net "Net-(DD4-Pad16)")
    (add_net "Net-(DD4-Pad2)")
    (add_net "Net-(DD4-Pad3)")
    (add_net "Net-(DD4-Pad8)")
    (add_net "Net-(DD4-Pad9)")
    (add_net "Net-(HL1-Pad1)")
    (add_net "Net-(HL2-Pad1)")
    (add_net PB2)
    (add_net PD7)
    (add_net RX)
    (add_net SCK)
    (add_net SCL)
    (add_net SDA)
    (add_net TX)
    (add_net VCC)
    (add_net reset)
  )

  (module N_VD_HL:Светодиод_SMD_0603 (layer F.Cu) (tedit 5C2951B7) (tstamp 5C489C2D)
    (at 484.25 318 90)
    (path /5B75E293)
    (fp_text reference HL2 (at 1 1.75 90) (layer F.SilkS)
      (effects (font (size 1 1) (thickness 0.2)))
    )
    (fp_text value Светодиод_3Л341Е (at 0.1524 2.5146 90) (layer F.Fab)
      (effects (font (size 1 1) (thickness 0.15)))
    )
    (fp_line (start -0.9 -0.9) (end -0.9 0.9) (layer F.SilkS) (width 0.3))
    (fp_line (start -0.9 -0.9) (end -0.4 -0.9) (layer F.SilkS) (width 0.3))
    (fp_line (start -0.9 0.9) (end -0.4 0.9) (layer F.SilkS) (width 0.3))
    (fp_line (start 2.4 0.9) (end 1.9 0.9) (layer F.SilkS) (width 0.3))
    (fp_line (start 2.4 0.9) (end 2.4 -0.6) (layer F.SilkS) (width 0.3))
    (fp_line (start 1.9 -0.9) (end 2.1 -0.9) (layer F.SilkS) (width 0.3))
    (fp_line (start 2.1 -0.9) (end 2.4 -0.6) (layer F.SilkS) (width 0.3))
    (pad 1 smd rect (at 0 0 90) (size 1 1) (layers F.Cu F.Paste F.Mask)
      (net 38 "Net-(HL2-Pad1)") (clearance 0.2))
    (pad 2 smd rect (at 1.5 0 90) (size 1 1) (layers F.Cu F.Paste F.Mask)
      (net 2 GND) (clearance 0.2))
    (model ${N_3D}/LED_0603.step
      (offset (xyz 0.75 0 0))
      (scale (xyz 1 1 1))
      (rotate (xyz 0 0 0))
    )
  )

  (module MOTOR_RLC:Резистор_SMD_0805_0,125Вт (layer B.Cu) (tedit 5B5862A6) (tstamp 5BCA0B64)
    (at 485 316.5 270)
    (path /5B75DDA5)
    (fp_text reference R9 (at 1 -2 90) (layer B.SilkS)
      (effects (font (size 1 1) (thickness 0.15)) (justify mirror))
    )
    (fp_text value Р1-8В-0.125-20к (at 1.29 -2.09 270) (layer B.Fab)
      (effects (font (size 1 1) (thickness 0.15)) (justify mirror))
    )
    (fp_line (start -0.6 -1.15) (end -0.1 -1.15) (layer B.SilkS) (width 0.3))
    (fp_line (start 2.5 -1.15) (end 2 -1.15) (layer B.SilkS) (width 0.3))
    (fp_line (start -0.9 1.15) (end 0.1 1.15) (layer B.SilkS) (width 0.3))
    (fp_line (start 2.9 1.15) (end 1.9 1.15) (layer B.SilkS) (width 0.3))
    (fp_line (start 2.9 -1.15) (end 1.9 -1.15) (layer B.SilkS) (width 0.3))
    (fp_line (start -0.9 -1.15) (end 0.1 -1.15) (layer B.SilkS) (width 0.3))
    (fp_line (start 2.9 1.15) (end 2.9 -1.15) (layer B.SilkS) (width 0.3))
    (fp_line (start -0.9 -1.15) (end -0.9 1.15) (layer B.SilkS) (width 0.3))
    (fp_line (start 0.85 0.45) (end 1.15 0.2) (layer B.SilkS) (width 0.3))
    (fp_line (start 0.85 -0.2) (end 1.15 -0.45) (layer B.SilkS) (width 0.3))
    (pad 2 smd rect (at 2 0 270) (size 1 1.5) (layers B.Cu B.Paste B.Mask)
      (net 38 "Net-(HL2-Pad1)") (clearance 0.2))
    (pad 1 smd rect (at 0 0 270) (size 1 1.5) (layers B.Cu B.Paste B.Mask)
      (net 53 GND_in) (clearance 0.2))
    (model "${MOTOR_3D}/Р1-8В-0.125(0805).wrl"
      (offset (xyz 0.1777999973297119 0 0))
      (scale (xyz 0.3937 0.3937 0.3937))
      (rotate (xyz 0 0 0))
    )
  )

  (module MOTOR_RLC:Резистор_SMD_0805_0,125Вт (layer B.Cu) (tedit 5B5862A6) (tstamp 5BCA0B46)
    (at 482.5 316.5 270)
    (path /5B69F2D3)
    (fp_text reference R7 (at 4 0 270) (layer B.SilkS)
      (effects (font (size 1 1) (thickness 0.15)) (justify mirror))
    )
    (fp_text value Р1-8В-0.125 (at 1.29 -2.09 270) (layer B.Fab)
      (effects (font (size 1 1) (thickness 0.15)) (justify mirror))
    )
    (fp_line (start 0.85 -0.2) (end 1.15 -0.45) (layer B.SilkS) (width 0.3))
    (fp_line (start 0.85 0.45) (end 1.15 0.2) (layer B.SilkS) (width 0.3))
    (fp_line (start -0.9 -1.15) (end -0.9 1.15) (layer B.SilkS) (width 0.3))
    (fp_line (start 2.9 1.15) (end 2.9 -1.15) (layer B.SilkS) (width 0.3))
    (fp_line (start -0.9 -1.15) (end 0.1 -1.15) (layer B.SilkS) (width 0.3))
    (fp_line (start 2.9 -1.15) (end 1.9 -1.15) (layer B.SilkS) (width 0.3))
    (fp_line (start 2.9 1.15) (end 1.9 1.15) (layer B.SilkS) (width 0.3))
    (fp_line (start -0.9 1.15) (end 0.1 1.15) (layer B.SilkS) (width 0.3))
    (fp_line (start 2.5 -1.15) (end 2 -1.15) (layer B.SilkS) (width 0.3))
    (fp_line (start -0.6 -1.15) (end -0.1 -1.15) (layer B.SilkS) (width 0.3))
    (pad 1 smd rect (at 0 0 270) (size 1 1.5) (layers B.Cu B.Paste B.Mask)
      (net 12 HL1) (clearance 0.2))
    (pad 2 smd rect (at 2 0 270) (size 1 1.5) (layers B.Cu B.Paste B.Mask)
      (net 37 "Net-(HL1-Pad1)") (clearance 0.2))
    (model "${MOTOR_3D}/Р1-8В-0.125(0805).wrl"
      (offset (xyz 0.1777999973297119 0 0))
      (scale (xyz 0.3937 0.3937 0.3937))
      (rotate (xyz 0 0 0))
    )
  )

  (module N_X:Отверстие_М3_под_гровер (layer F.Cu) (tedit 5C5181C4) (tstamp 5C518156)
    (at 472 318)
    (fp_text reference M3 (at -4.5 3.5) (layer F.SilkS)
      (effects (font (size 1.5 1.5) (thickness 0.2)))
    )
    (fp_text value Отверстие_М3_под_гровер (at 0 5) (layer F.Fab)
      (effects (font (size 1 1) (thickness 0.15)))
    )
    (pad "" thru_hole circle (at 0 0) (size 5.6 5.6) (drill 3.4) (layers *.Cu *.Paste *.Mask))
  )

  (module N_X:Отверстие_М3_под_гровер (layer F.Cu) (tedit 5C5181C4) (tstamp 5B708DA3)
    (at 495 290)
    (fp_text reference M3 (at -4.5 3.5) (layer F.SilkS)
      (effects (font (size 1.5 1.5) (thickness 0.2)))
    )
    (fp_text value Отверстие_М3_под_гровер (at 0 5) (layer F.Fab)
      (effects (font (size 1 1) (thickness 0.15)))
    )
    (pad "" thru_hole circle (at 0 0) (size 5.6 5.6) (drill 3.4) (layers *.Cu *.Paste *.Mask))
  )

  (module N_X:Отверстие_М3_под_гровер (layer F.Cu) (tedit 5C5181C4) (tstamp 5C51843A)
    (at 472 290)
    (fp_text reference M3 (at -4.5 3.5) (layer F.SilkS)
      (effects (font (size 1.5 1.5) (thickness 0.2)))
    )
    (fp_text value Отверстие_М3_под_гровер (at 0 5) (layer F.Fab)
      (effects (font (size 1 1) (thickness 0.15)))
    )
    (pad "" thru_hole circle (at 0 0) (size 5.6 5.6) (drill 3.4) (layers *.Cu *.Paste *.Mask))
  )

  (module N_X:Отверстие_М3_под_гровер (layer F.Cu) (tedit 5C5181C4) (tstamp 5B708D87)
    (at 495 318)
    (fp_text reference M3 (at -4.5 3.5) (layer F.SilkS)
      (effects (font (size 1.5 1.5) (thickness 0.2)))
    )
    (fp_text value Отверстие_М3_под_гровер (at 0 5) (layer F.Fab)
      (effects (font (size 1 1) (thickness 0.15)))
    )
    (pad "" thru_hole circle (at 0 0) (size 5.6 5.6) (drill 3.4) (layers *.Cu *.Paste *.Mask))
  )

  (module N_DD:микросхема_ATMEGA-8-161AU (layer F.Cu) (tedit 5C293411) (tstamp 5B704A94)
    (at 484 294 270)
    (path /5B69DF51)
    (fp_text reference DD2 (at 9.25 -2.3 90) (layer F.SilkS)
      (effects (font (size 1 1) (thickness 0.15)))
    )
    (fp_text value ATmega8 (at 4.17 8.72 270) (layer F.Fab)
      (effects (font (size 1 1) (thickness 0.15)))
    )
    (fp_line (start -1.6 -0.25) (end -1.35 0) (layer F.SilkS) (width 0.15))
    (fp_line (start -1.6 0.25) (end -1.6 -0.25) (layer F.SilkS) (width 0.15))
    (fp_line (start -1.35 0) (end -1.6 0.25) (layer F.SilkS) (width 0.15))
    (fp_line (start 0.7 -1.1) (end 0.9 -1.1) (layer F.SilkS) (width 0.2))
    (fp_line (start 0.4 -0.8) (end 0.4 -0.6) (layer F.SilkS) (width 0.2))
    (fp_line (start 8.1 -1.1) (end 7.6 -1.1) (layer F.SilkS) (width 0.2))
    (fp_line (start 8.1 -1.1) (end 8.1 -0.6) (layer F.SilkS) (width 0.2))
    (fp_line (start 8.1 6.65) (end 8.1 6.15) (layer F.SilkS) (width 0.2))
    (fp_line (start 8.1 6.65) (end 7.6 6.65) (layer F.SilkS) (width 0.2))
    (fp_line (start 0.4 6.65) (end 0.4 6.15) (layer F.SilkS) (width 0.2))
    (fp_line (start 0.4 6.65) (end 0.9 6.65) (layer F.SilkS) (width 0.2))
    (fp_line (start 0.4 -0.8) (end 0.7 -1.1) (layer F.SilkS) (width 0.2))
    (pad 32 smd rect (at 1.45 -1.75) (size 1.5 0.55) (layers F.Cu F.Paste F.Mask)
      (net 27 "Net-(DD2-Pad32)"))
    (pad 31 smd rect (at 2.25 -1.75) (size 1.5 0.55) (layers F.Cu F.Paste F.Mask)
      (net 26 TX))
    (pad 30 smd rect (at 3.05 -1.75) (size 1.5 0.55) (layers F.Cu F.Paste F.Mask)
      (net 25 RX))
    (pad 29 smd rect (at 3.85 -1.75) (size 1.5 0.55) (layers F.Cu F.Paste F.Mask)
      (net 39 reset))
    (pad 28 smd rect (at 4.65 -1.75) (size 1.5 0.55) (layers F.Cu F.Paste F.Mask)
      (net 24 SCL))
    (pad 27 smd rect (at 5.45 -1.75) (size 1.5 0.55) (layers F.Cu F.Paste F.Mask)
      (net 23 SDA))
    (pad 26 smd rect (at 6.25 -1.75) (size 1.5 0.55) (layers F.Cu F.Paste F.Mask)
      (net 22 "Net-(DD2-Pad26)"))
    (pad 25 smd rect (at 7.05 -1.75) (size 1.5 0.55) (layers F.Cu F.Paste F.Mask)
      (net 21 "Net-(DD2-Pad25)"))
    (pad 24 smd rect (at 8.75 0 270) (size 1.5 0.55) (layers F.Cu F.Paste F.Mask)
      (net 20 "Net-(DD2-Pad24)"))
    (pad 23 smd rect (at 8.75 0.8 270) (size 1.5 0.55) (layers F.Cu F.Paste F.Mask)
      (net 50 VCC))
    (pad 22 smd rect (at 8.75 1.6 270) (size 1.5 0.55) (layers F.Cu F.Paste F.Mask)
      (net 19 "Net-(DD2-Pad22)"))
    (pad 21 smd rect (at 8.75 2.4 270) (size 1.5 0.55) (layers F.Cu F.Paste F.Mask)
      (net 2 GND))
    (pad 20 smd rect (at 8.75 3.2 270) (size 1.5 0.55) (layers F.Cu F.Paste F.Mask)
      (net 18 "Net-(DD2-Pad20)"))
    (pad 19 smd rect (at 8.75 4 270) (size 1.5 0.55) (layers F.Cu F.Paste F.Mask)
      (net 17 "Net-(DD2-Pad19)"))
    (pad 18 smd rect (at 8.75 4.8 270) (size 1.5 0.55) (layers F.Cu F.Paste F.Mask)
      (net 16 "Net-(DD2-Pad18)"))
    (pad 17 smd rect (at 8.75 5.6 270) (size 1.5 0.55) (layers F.Cu F.Paste F.Mask)
      (net 15 SCK))
    (pad 16 smd rect (at 7.05 7.3) (size 1.5 0.55) (layers F.Cu F.Paste F.Mask)
      (net 14 MISO))
    (pad 15 smd rect (at 6.25 7.3) (size 1.5 0.55) (layers F.Cu F.Paste F.Mask)
      (net 13 MOSI))
    (pad 14 smd rect (at 5.45 7.3) (size 1.5 0.55) (layers F.Cu F.Paste F.Mask)
      (net 52 PB2))
    (pad 13 smd rect (at 4.65 7.3) (size 1.5 0.55) (layers F.Cu F.Paste F.Mask)
      (net 7 EN))
    (pad 12 smd rect (at 3.85 7.3) (size 1.5 0.55) (layers F.Cu F.Paste F.Mask)
      (net 12 HL1))
    (pad 11 smd rect (at 3.05 7.3) (size 1.5 0.55) (layers F.Cu F.Paste F.Mask)
      (net 51 PD7))
    (pad 10 smd rect (at 2.25 7.3) (size 1.5 0.55) (layers F.Cu F.Paste F.Mask)
      (net 54 EN1))
    (pad 9 smd rect (at 1.45 7.3) (size 1.5 0.55) (layers F.Cu F.Paste F.Mask)
      (net 11 "Net-(DD2-Pad9)"))
    (pad 8 smd rect (at -0.25 5.6 270) (size 1.5 0.55) (layers F.Cu F.Paste F.Mask)
      (net 3 "Net-(C2-Pad2)"))
    (pad 7 smd rect (at -0.25 4.8 270) (size 1.5 0.55) (layers F.Cu F.Paste F.Mask)
      (net 1 "Net-(C1-Pad2)"))
    (pad 6 smd rect (at -0.25 4 270) (size 1.5 0.55) (layers F.Cu F.Paste F.Mask)
      (net 49 Ep))
    (pad 5 smd rect (at -0.25 3.2 270) (size 1.5 0.55) (layers F.Cu F.Paste F.Mask)
      (net 2 GND))
    (pad 4 smd rect (at -0.25 2.4 270) (size 1.5 0.55) (layers F.Cu F.Paste F.Mask)
      (net 49 Ep))
    (pad 3 smd rect (at -0.25 1.6 270) (size 1.5 0.55) (layers F.Cu F.Paste F.Mask)
      (net 2 GND))
    (pad 2 smd rect (at -0.25 0.8 270) (size 1.5 0.55) (layers F.Cu F.Paste F.Mask)
      (net 10 "Net-(DD2-Pad2)"))
    (pad 1 smd rect (at -0.25 0 270) (size 1.5 0.55) (layers F.Cu F.Paste F.Mask)
      (net 9 "Net-(DD2-Pad1)"))
    (model "${N_3D}/atmega8 (tqfp32)_V2008.step"
      (offset (xyz 3.1 -1.6 0.5))
      (scale (xyz 1 1 1))
      (rotate (xyz -90 0 0))
    )
  )

  (module "MOTOR_IMPORT_OTK:Предохранитель_SMD(1812)" (layer F.Cu) (tedit 5B59FB98) (tstamp 5BCA0ABB)
    (at 487.75 315 270)
    (path /5B75D420)
    (fp_text reference FU1 (at 2 2.75 90) (layer F.SilkS)
      (effects (font (size 1 1) (thickness 0.15)))
    )
    (fp_text value Р1-8В-0.25-20K (at 2.55 3.55 270) (layer F.Fab)
      (effects (font (size 1 1) (thickness 0.15)))
    )
    (fp_line (start 5.65 -2.4) (end 4.65 -2.4) (layer F.SilkS) (width 0.3))
    (fp_line (start 5.65 -2.4) (end 5.65 -1.4) (layer F.SilkS) (width 0.3))
    (fp_line (start 5.65 2.4) (end 4.65 2.4) (layer F.SilkS) (width 0.3))
    (fp_line (start 5.65 2.4) (end 5.65 1.4) (layer F.SilkS) (width 0.3))
    (fp_line (start -1.15 2.4) (end -0.15 2.4) (layer F.SilkS) (width 0.3))
    (fp_line (start -1.15 2.4) (end -1.15 1.4) (layer F.SilkS) (width 0.3))
    (fp_line (start -1.15 -2.4) (end -1.15 -1.4) (layer F.SilkS) (width 0.3))
    (fp_line (start -1.15 -2.4) (end -0.15 -2.4) (layer F.SilkS) (width 0.3))
    (pad 1 smd rect (at 0 0 270) (size 1.5 4) (layers F.Cu F.Paste F.Mask)
      (net 2 GND) (clearance 0.2))
    (pad 2 smd rect (at 4.5 0 270) (size 1.5 4) (layers F.Cu F.Paste F.Mask)
      (net 53 GND_in) (clearance 0.2))
    (model "${MOTOR_3D}/Конденсатор 1812.wrl"
      (offset (xyz 0 -1.778 2.1))
      (scale (xyz 0.3937 0.3937 0.3937))
      (rotate (xyz 90 0 0))
    )
  )

  (module MOTOR_IMPORT_OTK:акселерометр (layer F.Cu) (tedit 5BCC34EC) (tstamp 5C5185BE)
    (at 478.225 309.5 180)
    (path /5BC908E6)
    (fp_text reference DD3 (at 3 -2.79 180) (layer F.SilkS)
      (effects (font (size 1 1) (thickness 0.15)))
    )
    (fp_text value LIS3DH (at 0.01 5.07 180) (layer F.Fab)
      (effects (font (size 1 1) (thickness 0.15)))
    )
    (fp_line (start -2.5 -1) (end -2.75 -0.75) (layer F.SilkS) (width 0.15))
    (fp_line (start -2.75 -0.75) (end -2.75 -1.25) (layer F.SilkS) (width 0.15))
    (fp_line (start -2.75 -1.25) (end -2.5 -1) (layer F.SilkS) (width 0.15))
    (fp_circle (center -1 -1.5) (end -0.95 -1.475) (layer F.SilkS) (width 0.15))
    (fp_line (start -1.5 2.25) (end 1.5 2.25) (layer F.SilkS) (width 0.15))
    (fp_line (start 2.25 1.5) (end 2.25 -1.5) (layer F.SilkS) (width 0.15))
    (fp_line (start 1.5 -2.25) (end -1.5 -2.25) (layer F.SilkS) (width 0.15))
    (fp_line (start -2.25 -1.5) (end -2.25 1.5) (layer F.SilkS) (width 0.15))
    (pad 7 smd rect (at 0 1.225 180) (size 0.3 1) (drill (offset 0 0.2)) (layers F.Cu F.Paste F.Mask)
      (net 52 PB2))
    (pad 6 smd rect (at -0.5 1.225 180) (size 0.3 1) (drill (offset 0 0.2)) (layers F.Cu F.Paste F.Mask)
      (net 23 SDA))
    (pad 8 smd rect (at 0.5 1.225 180) (size 0.3 1) (drill (offset 0 0.2)) (layers F.Cu F.Paste F.Mask)
      (net 28 "Net-(DD3-Pad8)"))
    (pad 3 smd rect (at -1.225 0 180) (size 1 0.3) (drill (offset -0.2 0)) (layers F.Cu F.Paste F.Mask)
      (net 29 "Net-(DD3-Pad3)"))
    (pad 2 smd rect (at -1.225 -0.5 180) (size 1 0.3) (drill (offset -0.2 0)) (layers F.Cu F.Paste F.Mask)
      (net 30 "Net-(DD3-Pad2)"))
    (pad 1 smd rect (at -1.225 -1 180) (size 1 0.3) (drill (offset -0.2 0)) (layers F.Cu F.Paste F.Mask)
      (net 50 VCC))
    (pad 4 smd rect (at -1.225 0.5 180) (size 1 0.3) (drill (offset -0.2 0)) (layers F.Cu F.Paste F.Mask)
      (net 24 SCL))
    (pad 5 smd rect (at -1.225 1 180) (size 1 0.3) (drill (offset -0.2 0)) (layers F.Cu F.Paste F.Mask)
      (net 2 GND))
    (pad 9 smd rect (at 1.225 1 180) (size 1 0.3) (drill (offset 0.2 0)) (layers F.Cu F.Paste F.Mask)
      (net 31 "Net-(DD3-Pad9)"))
    (pad 10 smd rect (at 1.225 0.5 180) (size 1 0.3) (drill (offset 0.2 0)) (layers F.Cu F.Paste F.Mask)
      (net 32 "Net-(DD3-Pad10)"))
    (pad 11 smd rect (at 1.225 0 180) (size 1 0.3) (drill (offset 0.2 0)) (layers F.Cu F.Paste F.Mask)
      (net 33 "Net-(DD3-Pad11)"))
    (pad 12 smd rect (at 1.225 -0.5 180) (size 1 0.3) (drill (offset 0.2 0)) (layers F.Cu F.Paste F.Mask)
      (net 2 GND))
    (pad 13 smd rect (at 1.225 -1 180) (size 1 0.3) (drill (offset 0.2 0)) (layers F.Cu F.Paste F.Mask)
      (net 34 "Net-(DD3-Pad13)"))
    (pad 14 smd rect (at 0.5 -1.2 180) (size 0.3 1) (drill (offset 0 -0.2)) (layers F.Cu F.Paste F.Mask)
      (net 50 VCC))
    (pad 15 smd rect (at 0 -1.2 180) (size 0.3 1) (drill (offset 0 -0.2)) (layers F.Cu F.Paste F.Mask)
      (net 35 "Net-(DD3-Pad15)"))
    (pad 16 smd rect (at -0.5 -1.2 180) (size 0.3 1) (drill (offset 0 -0.2)) (layers F.Cu F.Paste F.Mask)
      (net 36 "Net-(DD3-Pad16)"))
    (model C:/Kicad/motor_pcb/3D_wrl/LG-16.step
      (offset (xyz 0 0 0.1))
      (scale (xyz 1 1 1))
      (rotate (xyz 90 180 180))
    )
  )

  (module "MOTOR_RLC:Конденсатор_SMD_К10-83(0603)" (layer B.Cu) (tedit 5B59F93D) (tstamp 5BCA0A55)
    (at 488 290 90)
    (path /5B69F0D0)
    (fp_text reference C1 (at 3.5 0 180) (layer B.SilkS)
      (effects (font (size 1 1) (thickness 0.15)) (justify mirror))
    )
    (fp_text value К10-83-50В-12пФ (at 0.1524 -2.5146 90) (layer B.Fab)
      (effects (font (size 1 1) (thickness 0.15)) (justify mirror))
    )
    (fp_line (start -0.9 1.15) (end -0.4 1.15) (layer B.SilkS) (width 0.3))
    (fp_line (start -0.9 1.15) (end -0.9 0.65) (layer B.SilkS) (width 0.3))
    (fp_line (start -0.9 -1.15) (end -0.4 -1.15) (layer B.SilkS) (width 0.3))
    (fp_line (start -0.9 -1.15) (end -0.9 -0.65) (layer B.SilkS) (width 0.3))
    (fp_line (start 2.4 1.15) (end 2.4 0.65) (layer B.SilkS) (width 0.3))
    (fp_line (start 2.4 1.15) (end 1.9 1.15) (layer B.SilkS) (width 0.3))
    (fp_line (start 2.4 -1.15) (end 1.9 -1.15) (layer B.SilkS) (width 0.3))
    (fp_line (start 2.4 -1.15) (end 2.4 -0.75) (layer B.SilkS) (width 0.3))
    (pad 1 smd rect (at 0 0 90) (size 1 1.5) (layers B.Cu B.Paste B.Mask)
      (net 2 GND) (clearance 0.2))
    (pad 2 smd rect (at 1.5 0 90) (size 1 1.5) (layers B.Cu B.Paste B.Mask)
      (net 1 "Net-(C1-Pad2)") (clearance 0.2))
    (model "${MOTOR_3D}/Конденсатор 0603.wrl"
      (offset (xyz 0 -0.558799991607666 0))
      (scale (xyz 0.3937 0.3937 0.3937))
      (rotate (xyz 0 90 90))
    )
  )

  (module "MOTOR_RLC:Конденсатор_SMD_К10-83(0603)" (layer B.Cu) (tedit 5B59F93D) (tstamp 5BCA0A62)
    (at 483 290 90)
    (path /5B69F116)
    (fp_text reference C2 (at 3.25 0 180) (layer B.SilkS)
      (effects (font (size 1 1) (thickness 0.15)) (justify mirror))
    )
    (fp_text value К10-83-50В-12пФ (at 0.1524 -2.5146 90) (layer B.Fab)
      (effects (font (size 1 1) (thickness 0.15)) (justify mirror))
    )
    (fp_line (start 2.4 -1.15) (end 2.4 -0.75) (layer B.SilkS) (width 0.3))
    (fp_line (start 2.4 -1.15) (end 1.9 -1.15) (layer B.SilkS) (width 0.3))
    (fp_line (start 2.4 1.15) (end 1.9 1.15) (layer B.SilkS) (width 0.3))
    (fp_line (start 2.4 1.15) (end 2.4 0.65) (layer B.SilkS) (width 0.3))
    (fp_line (start -0.9 -1.15) (end -0.9 -0.65) (layer B.SilkS) (width 0.3))
    (fp_line (start -0.9 -1.15) (end -0.4 -1.15) (layer B.SilkS) (width 0.3))
    (fp_line (start -0.9 1.15) (end -0.9 0.65) (layer B.SilkS) (width 0.3))
    (fp_line (start -0.9 1.15) (end -0.4 1.15) (layer B.SilkS) (width 0.3))
    (pad 2 smd rect (at 1.5 0 90) (size 1 1.5) (layers B.Cu B.Paste B.Mask)
      (net 3 "Net-(C2-Pad2)") (clearance 0.2))
    (pad 1 smd rect (at 0 0 90) (size 1 1.5) (layers B.Cu B.Paste B.Mask)
      (net 2 GND) (clearance 0.2))
    (model "${MOTOR_3D}/Конденсатор 0603.wrl"
      (offset (xyz 0 -0.558799991607666 0))
      (scale (xyz 0.3937 0.3937 0.3937))
      (rotate (xyz 0 90 90))
    )
  )

  (module MOTOR_RLC:Резистор_SMD_0805_0,125Вт (layer B.Cu) (tedit 5B5862A6) (tstamp 5BCA0AEC)
    (at 493 304.5 90)
    (path /5B6B44EE)
    (fp_text reference R1 (at 3.25 2 90) (layer B.SilkS)
      (effects (font (size 1 1) (thickness 0.15)) (justify mirror))
    )
    (fp_text value Р1-8В-0.125-20к (at 1.29 -2.09 90) (layer B.Fab)
      (effects (font (size 1 1) (thickness 0.15)) (justify mirror))
    )
    (fp_line (start 0.85 -0.2) (end 1.15 -0.45) (layer B.SilkS) (width 0.3))
    (fp_line (start 0.85 0.45) (end 1.15 0.2) (layer B.SilkS) (width 0.3))
    (fp_line (start -0.9 -1.15) (end -0.9 1.15) (layer B.SilkS) (width 0.3))
    (fp_line (start 2.9 1.15) (end 2.9 -1.15) (layer B.SilkS) (width 0.3))
    (fp_line (start -0.9 -1.15) (end 0.1 -1.15) (layer B.SilkS) (width 0.3))
    (fp_line (start 2.9 -1.15) (end 1.9 -1.15) (layer B.SilkS) (width 0.3))
    (fp_line (start 2.9 1.15) (end 1.9 1.15) (layer B.SilkS) (width 0.3))
    (fp_line (start -0.9 1.15) (end 0.1 1.15) (layer B.SilkS) (width 0.3))
    (fp_line (start 2.5 -1.15) (end 2 -1.15) (layer B.SilkS) (width 0.3))
    (fp_line (start -0.6 -1.15) (end -0.1 -1.15) (layer B.SilkS) (width 0.3))
    (pad 1 smd rect (at 0 0 90) (size 1 1.5) (layers B.Cu B.Paste B.Mask)
      (net 8 "Net-(DD1-Pad1)") (clearance 0.2))
    (pad 2 smd rect (at 2 0 90) (size 1 1.5) (layers B.Cu B.Paste B.Mask)
      (net 25 RX) (clearance 0.2))
    (model "${MOTOR_3D}/Р1-8В-0.125(0805).wrl"
      (offset (xyz 0.1777999973297119 0 0))
      (scale (xyz 0.3937 0.3937 0.3937))
      (rotate (xyz 0 0 0))
    )
  )

  (module MOTOR_RLC:Резистор_SMD_0805_0,125Вт (layer B.Cu) (tedit 5B5862A6) (tstamp 5C5163F9)
    (at 490.5 304.5 90)
    (path /5B6B4632)
    (fp_text reference R2 (at 3.75 0 180) (layer B.SilkS)
      (effects (font (size 1 1) (thickness 0.15)) (justify mirror))
    )
    (fp_text value Р1-8В-0.125-20к (at 1.29 -2.09 90) (layer B.Fab)
      (effects (font (size 1 1) (thickness 0.15)) (justify mirror))
    )
    (fp_line (start -0.6 -1.15) (end -0.1 -1.15) (layer B.SilkS) (width 0.3))
    (fp_line (start 2.5 -1.15) (end 2 -1.15) (layer B.SilkS) (width 0.3))
    (fp_line (start -0.9 1.15) (end 0.1 1.15) (layer B.SilkS) (width 0.3))
    (fp_line (start 2.9 1.15) (end 1.9 1.15) (layer B.SilkS) (width 0.3))
    (fp_line (start 2.9 -1.15) (end 1.9 -1.15) (layer B.SilkS) (width 0.3))
    (fp_line (start -0.9 -1.15) (end 0.1 -1.15) (layer B.SilkS) (width 0.3))
    (fp_line (start 2.9 1.15) (end 2.9 -1.15) (layer B.SilkS) (width 0.3))
    (fp_line (start -0.9 -1.15) (end -0.9 1.15) (layer B.SilkS) (width 0.3))
    (fp_line (start 0.85 0.45) (end 1.15 0.2) (layer B.SilkS) (width 0.3))
    (fp_line (start 0.85 -0.2) (end 1.15 -0.45) (layer B.SilkS) (width 0.3))
    (pad 2 smd rect (at 2 0 90) (size 1 1.5) (layers B.Cu B.Paste B.Mask)
      (net 26 TX) (clearance 0.2))
    (pad 1 smd rect (at 0 0 90) (size 1 1.5) (layers B.Cu B.Paste B.Mask)
      (net 6 "Net-(DD1-Pad4)") (clearance 0.2))
    (model "${MOTOR_3D}/Р1-8В-0.125(0805).wrl"
      (offset (xyz 0.1777999973297119 0 0))
      (scale (xyz 0.3937 0.3937 0.3937))
      (rotate (xyz 0 0 0))
    )
  )

  (module MOTOR_RLC:Резистор_SMD_0805_0,125Вт (layer B.Cu) (tedit 5B5862A6) (tstamp 5BCA0B0A)
    (at 488 304.5 90)
    (path /5B6B48AB)
    (fp_text reference R3 (at -2 0.25 90) (layer B.SilkS)
      (effects (font (size 1 1) (thickness 0.15)) (justify mirror))
    )
    (fp_text value Р1-8В-0.125-20к (at 1.29 -2.09 90) (layer B.Fab)
      (effects (font (size 1 1) (thickness 0.15)) (justify mirror))
    )
    (fp_line (start 0.85 -0.2) (end 1.15 -0.45) (layer B.SilkS) (width 0.3))
    (fp_line (start 0.85 0.45) (end 1.15 0.2) (layer B.SilkS) (width 0.3))
    (fp_line (start -0.9 -1.15) (end -0.9 1.15) (layer B.SilkS) (width 0.3))
    (fp_line (start 2.9 1.15) (end 2.9 -1.15) (layer B.SilkS) (width 0.3))
    (fp_line (start -0.9 -1.15) (end 0.1 -1.15) (layer B.SilkS) (width 0.3))
    (fp_line (start 2.9 -1.15) (end 1.9 -1.15) (layer B.SilkS) (width 0.3))
    (fp_line (start 2.9 1.15) (end 1.9 1.15) (layer B.SilkS) (width 0.3))
    (fp_line (start -0.9 1.15) (end 0.1 1.15) (layer B.SilkS) (width 0.3))
    (fp_line (start 2.5 -1.15) (end 2 -1.15) (layer B.SilkS) (width 0.3))
    (fp_line (start -0.6 -1.15) (end -0.1 -1.15) (layer B.SilkS) (width 0.3))
    (pad 1 smd rect (at 0 0 90) (size 1 1.5) (layers B.Cu B.Paste B.Mask)
      (net 2 GND) (clearance 0.2))
    (pad 2 smd rect (at 2 0 90) (size 1 1.5) (layers B.Cu B.Paste B.Mask)
      (net 7 EN) (clearance 0.2))
    (model "${MOTOR_3D}/Р1-8В-0.125(0805).wrl"
      (offset (xyz 0.1777999973297119 0 0))
      (scale (xyz 0.3937 0.3937 0.3937))
      (rotate (xyz 0 0 0))
    )
  )

  (module MOTOR_RLC:Резистор_SMD_0805_0,125Вт (layer B.Cu) (tedit 5B5862A6) (tstamp 5BCA0B19)
    (at 492.5 295 270)
    (path /5B6B3CC6)
    (fp_text reference R4 (at 1.25 1.75 90) (layer B.SilkS)
      (effects (font (size 1 1) (thickness 0.15)) (justify mirror))
    )
    (fp_text value Р1-8В-0.125-20к (at 1.29 -2.09 270) (layer B.Fab)
      (effects (font (size 1 1) (thickness 0.15)) (justify mirror))
    )
    (fp_line (start 0.85 -0.2) (end 1.15 -0.45) (layer B.SilkS) (width 0.3))
    (fp_line (start 0.85 0.45) (end 1.15 0.2) (layer B.SilkS) (width 0.3))
    (fp_line (start -0.9 -1.15) (end -0.9 1.15) (layer B.SilkS) (width 0.3))
    (fp_line (start 2.9 1.15) (end 2.9 -1.15) (layer B.SilkS) (width 0.3))
    (fp_line (start -0.9 -1.15) (end 0.1 -1.15) (layer B.SilkS) (width 0.3))
    (fp_line (start 2.9 -1.15) (end 1.9 -1.15) (layer B.SilkS) (width 0.3))
    (fp_line (start 2.9 1.15) (end 1.9 1.15) (layer B.SilkS) (width 0.3))
    (fp_line (start -0.9 1.15) (end 0.1 1.15) (layer B.SilkS) (width 0.3))
    (fp_line (start 2.5 -1.15) (end 2 -1.15) (layer B.SilkS) (width 0.3))
    (fp_line (start -0.6 -1.15) (end -0.1 -1.15) (layer B.SilkS) (width 0.3))
    (pad 1 smd rect (at 0 0 270) (size 1 1.5) (layers B.Cu B.Paste B.Mask)
      (net 49 Ep) (clearance 0.2))
    (pad 2 smd rect (at 2 0 270) (size 1 1.5) (layers B.Cu B.Paste B.Mask)
      (net 23 SDA) (clearance 0.2))
    (model "${MOTOR_3D}/Р1-8В-0.125(0805).wrl"
      (offset (xyz 0.1777999973297119 0 0))
      (scale (xyz 0.3937 0.3937 0.3937))
      (rotate (xyz 0 0 0))
    )
  )

  (module MOTOR_RLC:Резистор_SMD_0805_0,125Вт (layer B.Cu) (tedit 5B5862A6) (tstamp 5BCA0B28)
    (at 490 295 270)
    (path /5B6B3DCD)
    (fp_text reference R5 (at 4 0 270) (layer B.SilkS)
      (effects (font (size 1 1) (thickness 0.15)) (justify mirror))
    )
    (fp_text value Р1-8В-0.125-20к (at 1.29 -2.09 270) (layer B.Fab)
      (effects (font (size 1 1) (thickness 0.15)) (justify mirror))
    )
    (fp_line (start -0.6 -1.15) (end -0.1 -1.15) (layer B.SilkS) (width 0.3))
    (fp_line (start 2.5 -1.15) (end 2 -1.15) (layer B.SilkS) (width 0.3))
    (fp_line (start -0.9 1.15) (end 0.1 1.15) (layer B.SilkS) (width 0.3))
    (fp_line (start 2.9 1.15) (end 1.9 1.15) (layer B.SilkS) (width 0.3))
    (fp_line (start 2.9 -1.15) (end 1.9 -1.15) (layer B.SilkS) (width 0.3))
    (fp_line (start -0.9 -1.15) (end 0.1 -1.15) (layer B.SilkS) (width 0.3))
    (fp_line (start 2.9 1.15) (end 2.9 -1.15) (layer B.SilkS) (width 0.3))
    (fp_line (start -0.9 -1.15) (end -0.9 1.15) (layer B.SilkS) (width 0.3))
    (fp_line (start 0.85 0.45) (end 1.15 0.2) (layer B.SilkS) (width 0.3))
    (fp_line (start 0.85 -0.2) (end 1.15 -0.45) (layer B.SilkS) (width 0.3))
    (pad 2 smd rect (at 2 0 270) (size 1 1.5) (layers B.Cu B.Paste B.Mask)
      (net 24 SCL) (clearance 0.2))
    (pad 1 smd rect (at 0 0 270) (size 1 1.5) (layers B.Cu B.Paste B.Mask)
      (net 49 Ep) (clearance 0.2))
    (model "${MOTOR_3D}/Р1-8В-0.125(0805).wrl"
      (offset (xyz 0.1777999973297119 0 0))
      (scale (xyz 0.3937 0.3937 0.3937))
      (rotate (xyz 0 0 0))
    )
  )

  (module MOTOR_RLC:Резистор_SMD_0805_0,125Вт (layer B.Cu) (tedit 5B5862A6) (tstamp 5BCA0B37)
    (at 478.5 290 270)
    (path /5B69F66C)
    (fp_text reference R6 (at 3.75 0) (layer B.SilkS)
      (effects (font (size 1 1) (thickness 0.15)) (justify mirror))
    )
    (fp_text value Р1-8В-0.125-20к (at 1.29 -2.09 270) (layer B.Fab)
      (effects (font (size 1 1) (thickness 0.15)) (justify mirror))
    )
    (fp_line (start -0.6 -1.15) (end -0.1 -1.15) (layer B.SilkS) (width 0.3))
    (fp_line (start 2.5 -1.15) (end 2 -1.15) (layer B.SilkS) (width 0.3))
    (fp_line (start -0.9 1.15) (end 0.1 1.15) (layer B.SilkS) (width 0.3))
    (fp_line (start 2.9 1.15) (end 1.9 1.15) (layer B.SilkS) (width 0.3))
    (fp_line (start 2.9 -1.15) (end 1.9 -1.15) (layer B.SilkS) (width 0.3))
    (fp_line (start -0.9 -1.15) (end 0.1 -1.15) (layer B.SilkS) (width 0.3))
    (fp_line (start 2.9 1.15) (end 2.9 -1.15) (layer B.SilkS) (width 0.3))
    (fp_line (start -0.9 -1.15) (end -0.9 1.15) (layer B.SilkS) (width 0.3))
    (fp_line (start 0.85 0.45) (end 1.15 0.2) (layer B.SilkS) (width 0.3))
    (fp_line (start 0.85 -0.2) (end 1.15 -0.45) (layer B.SilkS) (width 0.3))
    (pad 2 smd rect (at 2 0 270) (size 1 1.5) (layers B.Cu B.Paste B.Mask)
      (net 49 Ep) (clearance 0.2))
    (pad 1 smd rect (at 0 0 270) (size 1 1.5) (layers B.Cu B.Paste B.Mask)
      (net 39 reset) (clearance 0.2))
    (model "${MOTOR_3D}/Р1-8В-0.125(0805).wrl"
      (offset (xyz 0.1777999973297119 0 0))
      (scale (xyz 0.3937 0.3937 0.3937))
      (rotate (xyz 0 0 0))
    )
  )

  (module "MOTOR_RLC:Резонатор_РК456МДУ(DIP)" (layer F.Cu) (tedit 5B607CF5) (tstamp 5BCA0B83)
    (at 485.5 288.5 180)
    (path /5B69F039)
    (fp_text reference ZQ1 (at 10 0.5 90) (layer F.SilkS)
      (effects (font (size 1 1) (thickness 0.15)))
    )
    (fp_text value РК456МДУ (at 2.7 3.5 180) (layer F.Fab)
      (effects (font (size 1 1) (thickness 0.15)))
    )
    (fp_line (start -3.5 2.5) (end 8.4 2.5) (layer F.SilkS) (width 0.25))
    (fp_line (start 8.4 -2.5) (end -3.5 -2.5) (layer F.SilkS) (width 0.25))
    (fp_line (start -3.5 -2.5) (end -3.5 2.5) (layer F.SilkS) (width 0.25))
    (fp_line (start 8.4 -2.5) (end 8.4 2.5) (layer F.SilkS) (width 0.25))
    (pad 2 thru_hole circle (at 4.9 0 180) (size 1.7 1.7) (drill 1) (layers *.Cu *.Mask)
      (net 3 "Net-(C2-Pad2)"))
    (pad 1 thru_hole circle (at 0 0 180) (size 1.7 1.7) (drill 1) (layers *.Cu *.Mask)
      (net 1 "Net-(C1-Pad2)"))
    (model "${MOTOR_3D}/Резонатор РК456МДУ.wrl"
      (offset (xyz -3.047999954223633 -2.412999963760376 0.2539999961853027))
      (scale (xyz 0.3937 0.3937 0.3937))
      (rotate (xyz 0 0 0))
    )
  )

  (module MOTOR_ICO:Отверстие_под_пайку_D1.2 (layer F.Cu) (tedit 5C489660) (tstamp 5BCB670A)
    (at 496.14 297.26)
    (path /5BC4E3BE)
    (fp_text reference XS9 (at -2.75 -0.25) (layer F.Fab)
      (effects (font (size 1 1) (thickness 0.15)))
    )
    (fp_text value SDA (at -0.75 -2) (layer F.SilkS)
      (effects (font (size 1 1) (thickness 0.15)))
    )
    (pad 1 thru_hole rect (at 0 0) (size 2 2) (drill 1.2) (layers *.Cu *.Mask)
      (net 24 SCL))
  )

  (module MOTOR_ICO:Отверстие_под_пайку_D1.2 (layer F.Cu) (tedit 5C489646) (tstamp 5BCB670F)
    (at 496.14 299.8)
    (path /5BC4E048)
    (fp_text reference XS10 (at -3 -1.75) (layer F.Fab)
      (effects (font (size 1 1) (thickness 0.15)))
    )
    (fp_text value SCL (at -2.25 0.75) (layer F.SilkS)
      (effects (font (size 1 1) (thickness 0.15)))
    )
    (pad 1 thru_hole rect (at 0 0) (size 2 2) (drill 1.2) (layers *.Cu *.Mask)
      (net 23 SDA))
  )

  (module N_RLC:Резистор_SMD_0805_0,125Вт (layer B.Cu) (tedit 5C2951A1) (tstamp 5C489A8E)
    (at 478 316.5 270)
    (path /5C4A055A)
    (fp_text reference R10 (at -3 0 270) (layer B.SilkS)
      (effects (font (size 1 1) (thickness 0.2)) (justify mirror))
    )
    (fp_text value Резистор_0,125Вт (at 1.29 -2.09 270) (layer B.Fab) hide
      (effects (font (size 2 1.6) (thickness 0.3)) (justify mirror))
    )
    (fp_line (start -0.6 -1.15) (end -0.1 -1.15) (layer B.SilkS) (width 0.3))
    (fp_line (start 2.5 -1.15) (end 2 -1.15) (layer B.SilkS) (width 0.3))
    (fp_line (start -0.9 1.15) (end 0.1 1.15) (layer B.SilkS) (width 0.3))
    (fp_line (start 2.9 1.15) (end 1.9 1.15) (layer B.SilkS) (width 0.3))
    (fp_line (start 2.9 -1.15) (end 1.9 -1.15) (layer B.SilkS) (width 0.3))
    (fp_line (start -0.9 -1.15) (end 0.1 -1.15) (layer B.SilkS) (width 0.3))
    (fp_line (start 2.9 1.15) (end 2.9 -1.15) (layer B.SilkS) (width 0.3))
    (fp_line (start -0.9 -1.15) (end -0.9 1.15) (layer B.SilkS) (width 0.3))
    (fp_line (start 0.85 0.45) (end 1.15 0.2) (layer B.SilkS) (width 0.3))
    (fp_line (start 0.85 -0.2) (end 1.15 -0.45) (layer B.SilkS) (width 0.3))
    (pad 2 smd rect (at 2 0 270) (size 1 1.5) (layers B.Cu B.Paste B.Mask)
      (net 2 GND) (clearance 0.2))
    (pad 1 smd rect (at 0 0 270) (size 1 1.5) (layers B.Cu B.Paste B.Mask)
      (net 20 "Net-(DD2-Pad24)") (clearance 0.2))
    (model ${N_3D}/Res_0805.stp
      (offset (xyz 0.05 0.61 0))
      (scale (xyz 1 1 1))
      (rotate (xyz 0 0 90))
    )
  )

  (module N_VD_HL:Светодиод_SMD_0603 (layer F.Cu) (tedit 5C2951B7) (tstamp 5C489C21)
    (at 482 318 90)
    (path /5B69F32E)
    (fp_text reference HL1 (at 1.25 -1.75 90) (layer F.SilkS)
      (effects (font (size 1 1) (thickness 0.2)))
    )
    (fp_text value Светодиод_3Л341Е (at 0.1524 2.5146 90) (layer F.Fab)
      (effects (font (size 1 1) (thickness 0.15)))
    )
    (fp_line (start 2.1 -0.9) (end 2.4 -0.6) (layer F.SilkS) (width 0.3))
    (fp_line (start 1.9 -0.9) (end 2.1 -0.9) (layer F.SilkS) (width 0.3))
    (fp_line (start 2.4 0.9) (end 2.4 -0.6) (layer F.SilkS) (width 0.3))
    (fp_line (start 2.4 0.9) (end 1.9 0.9) (layer F.SilkS) (width 0.3))
    (fp_line (start -0.9 0.9) (end -0.4 0.9) (layer F.SilkS) (width 0.3))
    (fp_line (start -0.9 -0.9) (end -0.4 -0.9) (layer F.SilkS) (width 0.3))
    (fp_line (start -0.9 -0.9) (end -0.9 0.9) (layer F.SilkS) (width 0.3))
    (pad 2 smd rect (at 1.5 0 90) (size 1 1) (layers F.Cu F.Paste F.Mask)
      (net 2 GND) (clearance 0.2))
    (pad 1 smd rect (at 0 0 90) (size 1 1) (layers F.Cu F.Paste F.Mask)
      (net 37 "Net-(HL1-Pad1)") (clearance 0.2))
    (model ${N_3D}/LED_0603.step
      (offset (xyz 0.75 0 0))
      (scale (xyz 1 1 1))
      (rotate (xyz 0 0 0))
    )
  )

  (module N_RLC:Резистор_SMD_0805_0,125Вт (layer B.Cu) (tedit 5C2951A1) (tstamp 5C489C39)
    (at 480.25 318.5 90)
    (path /5C4A04C6)
    (fp_text reference R8 (at 3.75 0.25 180) (layer B.SilkS)
      (effects (font (size 1 1) (thickness 0.15)) (justify mirror))
    )
    (fp_text value Резистор_0,125Вт (at 1.29 -2.09 90) (layer B.Fab)
      (effects (font (size 1 1) (thickness 0.15)) (justify mirror))
    )
    (fp_line (start -0.6 -1.15) (end -0.1 -1.15) (layer B.SilkS) (width 0.3))
    (fp_line (start 2.5 -1.15) (end 2 -1.15) (layer B.SilkS) (width 0.3))
    (fp_line (start -0.9 1.15) (end 0.1 1.15) (layer B.SilkS) (width 0.3))
    (fp_line (start 2.9 1.15) (end 1.9 1.15) (layer B.SilkS) (width 0.3))
    (fp_line (start 2.9 -1.15) (end 1.9 -1.15) (layer B.SilkS) (width 0.3))
    (fp_line (start -0.9 -1.15) (end 0.1 -1.15) (layer B.SilkS) (width 0.3))
    (fp_line (start 2.9 1.15) (end 2.9 -1.15) (layer B.SilkS) (width 0.3))
    (fp_line (start -0.9 -1.15) (end -0.9 1.15) (layer B.SilkS) (width 0.3))
    (fp_line (start 0.85 0.45) (end 1.15 0.2) (layer B.SilkS) (width 0.3))
    (fp_line (start 0.85 -0.2) (end 1.15 -0.45) (layer B.SilkS) (width 0.3))
    (pad 2 smd rect (at 2 0 90) (size 1 1.5) (layers B.Cu B.Paste B.Mask)
      (net 20 "Net-(DD2-Pad24)") (clearance 0.2))
    (pad 1 smd rect (at 0 0 90) (size 1 1.5) (layers B.Cu B.Paste B.Mask)
      (net 50 VCC) (clearance 0.2))
